C:\Program Files\Python\lib\site-packages\gensim\utils.py:862: UserWarning: detected Windows; aliasing chunkize to chunkize_serial
  warnings.warn("detected Windows; aliasing chunkize to chunkize_serial")
getting the word_embedding.npy
[  8.85597911e-01  -1.50293214e-01   1.51039665e+00  -7.27308239e-01
  -3.74651927e-01  -2.14711049e-01  -3.11592107e-01   6.96717394e-01
   5.12753898e-01  -3.48428517e-01   6.78731532e-01  -1.49899864e+00
  -8.17600201e-01  -4.22708977e-01  -2.16312790e-01   5.26277353e-01
   2.73247141e-01  -4.45503937e-02   9.14768940e-01  -9.90890429e-01
   1.02840787e+00   1.88284967e+00   3.66557010e-01  -6.43247576e-02
  -1.03627242e+00   8.77881480e-02   2.39968867e+00   6.23934051e-01
  -6.81361192e-01  -3.64254793e-02   2.09055515e+00  -9.21252313e-03
  -4.14321843e-01  -1.93380006e-01  -1.70779777e+00   1.23401725e+00
   1.06334896e+00   1.55208928e-01   2.30954991e+00   9.07710712e-01
   1.75995845e-02  -2.26906299e-01  -9.77663707e-01  -1.27056222e+00
   1.25844695e+00   5.32809531e-01   1.59211530e-01   7.95025109e-01
   1.46380863e+00   1.23233488e+00   4.02037902e-01  -1.11270985e+00
  -1.19781495e+00  -1.24440389e+00  -6.48150522e-01  -8.97267463e-01
  -1.28988335e+00  -8.10502282e-01   1.86193705e+00  -3.59889158e-01
  -3.04314135e-03   2.69194484e-01   9.03109422e-01   5.11125194e-01
  -7.93453036e-01   1.75799313e-03  -5.89940379e-01   7.09079964e-01
   5.31549871e-01  -9.96398383e-01  -1.66618321e-01  -3.46452231e-01
   9.10032199e-01  -7.79717806e-01  -1.76872208e+00   4.99094624e-01
  -1.12836861e+00  -1.06421875e+00   4.26575404e-01   4.18014579e-01
  -7.76271828e-01   9.42095492e-02   1.34483297e-01   1.31698169e+00
   6.28473076e-01   6.26757077e-01  -5.11162561e-01  -1.34047013e+00
   2.02319834e-01   1.06999211e-01  -1.40620737e+00  -1.39817799e+00
  -6.90300483e-01  -5.21592311e-01   1.43237305e-01   1.66058122e+00
  -1.75592319e+00   1.46654357e-01   9.62617602e-01  -6.83777662e-01
  -6.99533617e-02  -6.46201359e-01  -1.17298339e+00   8.42129316e-01
   1.81442902e-01  -3.75237712e-01  -1.45171426e+00  -6.61520805e-01
  -1.06448139e-01  -1.35088784e+00  -2.10809934e+00   3.54887954e-01
   1.28873188e+00  -5.55811840e-01  -1.61290632e+00  -3.54563699e-01
  -9.30291597e-02  -1.25760815e+00  -1.09946640e+00  -5.32383321e-01
   5.12955405e-01   1.24416398e+00   3.48826333e-01  -9.29960459e-01
   5.78919035e-01  -8.22982540e-01  -1.18684633e+00   3.59262651e-01
   3.39020563e-02  -5.13823671e-02   4.42771113e-01   2.31022988e-01
  -2.49516046e-01   7.43730240e-01  -4.82486649e-01   5.16582511e-01
   8.11623219e-01   1.55242530e+00  -1.28175607e-01   2.53625825e+00
   3.29332527e-01  -8.12747417e-01  -1.41310218e+00   4.75010479e-01
   1.27524674e+00   9.86134070e-01   1.89758016e+00  -1.09209187e+00
   6.64054688e-01   1.72898623e+00  -1.29092900e+00  -1.55947486e-01
   3.87178091e-01  -1.58799660e+00  -7.54135357e-01   1.62523424e-01
   3.16541465e-01  -3.20761517e-01  -2.89620896e-01  -5.95772803e-01
  -1.04167103e+00  -8.28501473e-01  -2.30659278e-01   6.90690367e-02
   1.08225007e+00   1.08274938e+00   1.11706867e+00  -2.04268271e-01
  -6.15265199e-01  -2.65889416e-01   7.43119243e-01  -1.76321103e-01
  -7.84254767e-01  -8.94672549e-01   3.80313919e-01   2.80109388e-01
   5.69529085e-01   1.14982418e+00  -1.18166056e+00  -2.11228149e+00
  -1.52868434e-01   1.36338037e-01  -5.55231190e-01  -1.08763812e+00
   1.14082497e+00  -6.71497272e-01   4.47643711e-01   1.87934938e+00
   6.71024290e-02  -8.49297265e-02  -2.12872603e-01  -1.97135483e-01
  -5.68087041e-01   2.72625816e-01  -8.89450315e-01   6.90695250e-01
   8.62348441e-02  -4.59482881e-01  -7.73658568e-01  -1.76592603e+00
  -1.27256658e-01  -2.09927176e+00  -1.32780730e+00  -5.36352192e-01
  -5.27823901e-01  -2.27869913e+00  -1.74372130e-01   1.31227113e+00
  -2.15683272e-01   8.08876651e-01   2.48342897e-01  -2.44881166e-02
  -1.41778344e+00   4.93572653e-01  -3.65671160e-01  -9.37221758e-01
  -3.52763951e-01   1.21635521e+00   1.08455495e-01  -2.23683095e-01
  -8.87619990e-01   9.14696125e-01   2.47743282e+00   8.36071587e-01
   2.16693671e+00   2.02942281e+00   6.95587350e-01   7.07420830e-01
  -4.32664124e-02   5.16250236e-02   1.57972325e-01   9.46376085e-01
  -1.49866454e+00   2.00042228e-01   4.38942850e-01   2.33501558e+00
   4.45401792e-01   8.86374199e-01  -4.35924948e-01  -5.42629360e-01
   1.86458094e-01  -2.50232084e-01   6.03121117e-01  -2.97794583e-01
   1.15781857e+00  -9.50927421e-01   9.78785561e-02   6.49353416e-01
  -1.48417505e+00  -2.31310943e+00   1.19401057e+00   1.01875724e+00
   4.62224388e-01  -5.53236916e-01  -5.57201375e-01   2.05030709e+00
  -5.76496493e-01  -1.80846142e-01   4.90822941e-01   1.04927777e+00
   8.59875578e-02   2.17832008e-01   2.43203770e-01  -1.22722314e+00
  -6.95574177e-01  -1.54463966e-01  -9.91844752e-01  -2.97823988e-01
   9.41529916e-03  -6.12332872e-01  -9.40409547e-01  -9.78221533e-01
  -1.25970020e-01   1.71588810e+00  -8.94241414e-01   1.63063354e+00
   5.43004608e-01   7.34621573e-01  -7.81640813e-01   5.91988451e-01
  -1.27364914e-01   2.54083561e-01   7.25618884e-01  -1.27946117e-01
   1.11328316e+00  -9.22369276e-01  -1.50362041e-01  -8.89757855e-01
   3.08693934e-01  -1.42451946e+00  -4.79865356e-01  -2.00113050e-02
   1.17865695e+00   3.76143487e-01  -8.55885731e-01   6.21212764e-02
   1.47935746e+00   1.16728438e+00   3.25669151e-01   3.01523744e-01]
[ 0.00960106 -0.11613876 -0.01292269 -0.0092512   0.13137087 -0.29622158
  0.19114874  0.50174773  0.41470104 -0.10643731  0.53916705 -0.49664539
 -0.03364565  0.04314507 -0.38988203  0.48339525  0.14701135  0.37571201
  0.41375512  0.35705104 -0.70704901 -0.09546708 -0.18076392 -0.03784499
  0.06949433  0.70112467  0.00164584  0.15078266 -0.40441582 -0.12402856
 -0.56010091  0.53134924 -0.02512535  0.17387196 -0.2313899  -0.14925402
 -0.45459703  0.15020487 -0.44052899  0.19241478  0.22022301  0.15128815
  0.32571325 -0.00927025  0.30867952 -0.28730106 -0.41625485  0.68660873
 -0.6130271  -0.33095381  0.27365029 -0.1019664  -0.3154285   0.17933045
  0.24906783 -0.80924535 -0.3529537   0.45196781  0.39102772 -0.53241682
 -0.42335522 -0.27505192  0.24649265  0.34483683 -0.10859102  0.35691789
  0.37900254  0.05109058 -0.44709915 -0.21701995  0.40075392 -0.01047455
 -0.42015129 -0.58893889 -0.2216735   0.03387867 -0.71253967  0.32647374
  0.2048319  -0.0587196  -0.07866104 -0.30527765  0.30450988 -0.04250939
 -0.89848524  0.25462678  0.45563176 -0.2250329  -0.21410279 -0.73142266
 -0.48168859  0.23306735 -0.09280033 -0.45683917  0.04187481  0.20953992
 -0.17269364 -0.46578053 -0.17070712  0.3764669   0.09220085 -0.17609385
 -0.0555818   0.06182017  0.33809468  0.19266513  0.30087364  0.18519381
 -0.05827923 -0.94784796 -0.06296436  0.265273   -0.22273391  0.08279897
 -0.07780951 -0.31314835  0.03404057 -0.57326514  0.31657013 -1.0150522
 -0.40909922  0.29532728  0.70033836  0.04679806  0.20804971  0.27442041
  0.18835326  0.71336025  0.30146211 -0.51842731  0.58024311  0.48634565
  0.19172424  0.30408123 -0.40666097 -0.11314589 -0.5815655  -0.24740751
  0.03188714 -0.1976255  -0.06098979 -0.89596307 -0.18368278  0.03086327
 -0.99728775 -0.52452463 -0.03792685  0.02102995  0.2467225   0.14029118
 -0.05491665  0.57044381 -0.20995989 -0.29522702 -0.25501508  0.25680995
  0.08060427 -0.48551339 -0.01466754  0.55219579 -0.34985179  0.09713724
 -0.14631955 -0.40660048 -0.13559538  0.68240291 -0.51628184 -0.2744987
  0.47021329  0.29783207  0.80774045 -0.03255345  0.33485031  0.14184771
 -0.355777   -1.06461978 -0.47099733 -0.27365997  1.07827711 -0.52716863
  0.22668232 -0.80774856  0.39509615 -0.15304329  0.069637    0.64429641
  0.05649995  0.60710084 -0.05331208 -0.14100905  0.09445892 -0.42535746
  0.00585072  0.21817663  0.43870082 -0.19300346  0.45090219 -0.19690904
 -0.40440863 -0.32595101 -0.11122586 -0.29555517 -0.15993787 -0.23794761
 -0.1507403  -0.13270108 -0.14143027  0.14017762 -0.07304794  0.18251601
 -0.26102707  0.21234086 -0.18435919  0.26522645 -0.4078837   0.11189988
  0.05845377 -1.13141274 -0.08775745  0.13137291 -0.5413686  -0.19297671
  0.30347458 -0.23284151 -0.09095762  0.02787384  0.60867453 -0.28066146
 -0.06611126 -0.0930058  -0.42901027 -0.57364959 -0.21661732 -0.33343825
  0.58566433  0.17162415  0.09565081 -0.06252363 -0.16707875 -0.15432955
  0.03264768 -0.35101777  0.01698341  0.59611595  0.01521731 -0.00971102
  0.04253742  0.24555758  0.51722944 -0.44292364  0.12098953 -0.33317119
 -0.32815313 -0.37683332  0.21068396  0.39735684 -0.64370084 -0.41737607
 -0.74456739 -0.34495845  0.28492767 -0.29057315  0.27111927 -0.14737892
 -0.57250518 -0.39360562 -0.31068686 -0.30316174 -0.19279648 -0.54869288
 -0.32659107 -0.02494682 -0.17995115 -0.1106751  -0.08307648  0.62963694
 -0.2389928  -0.19981144 -0.09794959 -0.19043824 -0.68081701 -0.36120483
 -0.47958311  0.05798305  0.26155463 -0.12471703 -0.42901927 -0.00501522
 -0.09733086  0.50472385  0.06861877 -0.10205894 -0.32283267 -0.02120625
 -0.55348307  0.2193923  -0.32453418 -0.41614619 -0.25811002 -0.33763176]
(193393, 300)



550667
(550667, 300)
(550669, 300)
Saving the thulac_embedding.npy to ../data/thulac_embedding.npy
